0 93 0.798
1 106 0.58
2 107 0.029
3 92 0.014
4 100 0.023
5 85 0.089
6 100 0.015
7 100 0.013
8 92 0.012
9 92 0.011
10 94 0.012
11 79 0.009
12 107 0.012
13 99 0.009
14 93 0.012
15 106 0.007
16 93 0.011
17 93 0.15
18 85 0.01
19 93 0.011
20 99 0.011
21 93 0.01
22 86 0.01
23 85 0.007
24 93 0.009
25 87 0.008
26 104 0.013
27 108 0.023
28 88 0.01
29 93 0.008
30 100 0.012
31 114 0.012
32 79 0.007
33 93 0.006
34 93 0.009
35 86 0.009
36 99 0.01
37 128 0.011
38 107 0.009
39 99 0.008
40 79 0.009
41 100 0.011
42 101 0.007
43 99 0.009
44 79 0.009
45 99 0.009
46 100 0.008
47 106 0.015
48 100 0.165
49 100 0.025
50 115 0.028
51 93 0.011
52 107 0.012
53 99 0.011
54 93 0.007
55 107 0.01
56 99 0.019
57 85 0.012
58 100 0.01
59 99 0.005
60 95 0.013
61 102 0.009
62 99 0.01
63 93 0.01
64 114 0.016
65 114 0.017
66 92 0.004
67 106 0.004
68 85 0.004
69 93 0.006
70 86 0.005
71 99 0.001
72 115 0.003
73 92 0.003
74 106 0.004
75 93 0.004
76 85 0.003
77 86 0.004
78 79 0.003
79 92 0.003
80 79 0.003
81 107 0.004
82 89 0.004
83 92 0.006
84 93 0.004
85 93 0.005
86 94 0.004
87 86 0.004
88 92 0.008
89 106 0.005
90 89 0.014
91 85 0.006
92 92 0.007
93 86 0.006
94 107 0.006
95 92 0.003
96 93 0.004
97 97 0.005
98 108 0.009
99 100 0.003
100 72 0.004
101 106 0.003
102 100 0.004
103 85 0.003
104 100 0.003
105 95 0.004
106 99 0.005
107 93 0.003
108 93 0.002
109 94 0.003
110 78 0.002
111 92 0.002
112 85 0.003
113 85 0.003
114 85 0.002
115 86 0.003
116 79 0.001
117 93 0.004
118 88 0.005
119 85 0.004
120 92 0.003
121 93 0.003
122 100 0.003
123 106 0.003
124 93 0.004
125 85 0.003
126 85 0.003
127 122 0.007
128 100 0.004
129 99 0.001
130 92 0.001
131 86 0.002
132 86 0.001
133 114 0.004
134 92 0.003
135 88 0.004
136 100 0.003
137 86 0.003
138 79 0.002
139 93 0.201
140 93 0.006
141 93 0.004
142 79 0.004
143 100 0.006
144 93 0.005
145 92 0.007
146 100 0.004
147 71 0.003
148 114 0.005
149 106 0.003
150 86 0.003
151 93 0.004
152 85 0.003
153 99 0.003
154 93 0.002
155 100 0.002
156 94 0.004
157 93 0.003
158 106 0.003
159 86 0.003
160 92 0.002
161 93 0.004
162 93 0.007
163 92 0.003
164 86 0.003
165 95 0.002
166 93 0.002
167 92 0.004
168 86 0.004
169 100 0.002
170 100 0.005
171 90 0.005
172 100 0.003
173 93 0.003
174 92 0.003
175 92 0.003
176 93 0.004
177 92 0.004
178 86 0.002
179 107 0.004
180 85 0.004
181 94 0.003
182 106 0.003
183 93 0.003
184 86 0.004
185 93 0.003
186 105 0.005
187 101 0.002
188 113 0.005
189 102 0.003
190 100 0.002
191 106 0.005
192 100 0.004
193 86 0.003
194 85 0.003
195 96 0.003
196 109 0.003
197 95 0.005
198 105 0.004
199 99 0.003
200 86 0.002
201 92 0.002
202 106 0.004
203 92 0.001
204 92 0.002
205 86 0.002
206 92 0.004
207 104 0.004
208 95 0.002
209 93 0.003
210 86 0.003
211 90 0.004
212 86 0.002
213 114 0.004
214 80 0.003
215 93 0.003
216 79 0.003
217 85 0.003
218 106 0.003
219 101 0.003
220 104 0.003
221 100 0.001
222 96 0.003
223 113 0.003
224 85 0.003
225 106 0.004
226 86 0.003
227 94 0.002
228 93 0.003
229 93 0.002
230 79 0.001
231 100 0.003
232 100 0.005
233 93 0.002
234 106 0.003
235 96 0.003
236 86 0.002
237 99 0.002
238 93 0.003
239 93 0.003
240 78 0.002
241 86 0.004
242 100 0.002
243 93 0.002
244 107 0.003
245 99 0.002
246 95 0.003
247 93 0.004
248 86 0.001
249 107 0.005
250 107 0.003
251 107 0.003
252 85 0.004
253 85 0.003
254 85 0.001
255 92 0.363
256 85 0.03
257 113 0.008
258 102 0.005
259 94 0.004
260 92 0.004
261 99 0.004
262 93 0.003
263 85 0.004
264 101 0.005
265 92 0.004
266 99 0.032
267 94 0.004
268 91 0.005
269 93 0.003
270 79 0.003
271 79 0.004
272 103 0.005
273 92 0.003
274 85 0.003
275 106 0.004
276 113 0.003
277 99 0.004
278 92 0.003
279 99 0.002
280 99 0.003
281 94 0.004
282 88 0.085
283 100 0.003
284 113 0.003
285 85 0.003
286 93 0.002
287 100 0.004
288 86 0.002
289 86 0.004
290 99 0.003
291 106 0.003
292 121 0.005
293 78 0.003
294 93 0.004
295 85 0.002
296 96 0.002
297 103 0.003
298 99 0.002
299 78 0.001
300 92 0.003
301 86 0.003
302 107 0.005
303 86 0.003
304 88 0.003
305 92 0.003
306 85 0.002
307 92 0.003
308 86 0.003
309 82 0.003
310 92 0.002
311 100 0.005
312 106 0.003
313 79 0.003
314 85 0.001
315 106 0.004
316 107 0.004
317 99 0.003
318 93 0.002
319 88 0.004
320 92 0.004
321 92 0.003
322 93 0.002
323 101 0.004
324 99 0.003
325 94 0.003
326 100 0.002
327 106 0.001
328 92 0.002
329 86 0.004
330 95 0.004
331 94 0.003
332 99 0.003
333 89 0.003
334 99 0.002
335 99 0.003
336 93 0.004
337 79 0.002
338 93 0.003
339 79 0.002
340 86 0.003
341 92 0.003
342 86 0.002
343 72 0.003
344 87 0.003
345 85 0.002
346 78 0.002
347 99 0.004
348 92 0.002
349 94 0.003
350 99 0.002
351 120 0.002
352 86 0.003
353 88 0.002
354 87 0.002
355 85 0.002
356 79 0.002
357 92 0.003
358 86 0.002
359 91 0.003
360 86 0.001
361 92 0.003
362 108 0.002
363 92 0.003
364 92 0.004
365 99 0.004
366 85 0.001
367 103 0.003
368 92 0.002
369 92 0.002
370 107 0.002
371 107 0.004
372 106 0.003
373 86 0.004
374 85 0.003
375 93 0.002
376 100 0.002
377 93 0.002
378 92 0.003
379 85 0.002
380 92 0.003
381 100 0.003
382 102 0.004
383 100 0.003
384 85 0.002
385 99 0.002
386 99 0.002
387 86 0.002
388 94 0.002
389 93 0.002
390 92 0.002
391 88 0.003
392 100 0.003
393 92 0.002
394 92 0.002
395 93 0.002
396 103 0.003
397 92 0.003
398 99 0.003
399 86 0.003
400 93 0.004
401 99 0.003
402 100 0.003
403 107 0.003
404 86 0.002
405 99 0.002
406 93 0.003
407 93 0.003
408 92 0.003
409 93 0.003
410 92 0.01
411 93 0.002
412 99 0.002
413 107 0.003
414 101 0.003
415 92 0.002
416 92 0.001
417 85 0.003
418 100 0.003
419 93 0.002
420 86 0.002
421 106 0.001
422 92 0.002
423 107 0.003
424 79 0.001
425 96 0.004
426 102 0.004
427 92 0.003
428 94 0.004
429 99 0.002
430 113 0.003
431 99 0.001
432 93 0.004
433 93 0.003
434 93 0.002
435 107 0.004
436 78 0.002
437 93 0.002
438 99 0.002
439 93 0.002
440 107 0.003
441 78 0.004
442 86 0.001
443 79 0.002
444 114 0.004
445 92 0.002
446 106 0.003
447 85 0.002
448 92 0.005
449 86 0.002
450 102 0.003
451 85 0.003
452 85 0.002
453 93 0.004
454 78 0.001
455 106 0.003
456 100 0.004
457 106 0.002
458 86 0.002
459 79 0.002
460 92 0.002
461 106 0.002
462 99 0.004
463 100 0.003
464 101 0.005
465 99 0.004
466 115 0.003
467 106 0.004
468 85 0.003
469 100 0.003
470 89 0.003
471 106 0.003
472 107 0.003
473 92 0.001
474 106 0.003
475 85 0.002
476 92 0.003
477 94 0.006
478 79 0.003
479 93 0.004
480 96 0.004
481 85 0.005
482 92 0.003
483 100 0.004
484 105 0.003
485 100 0.003
486 85 0.001
487 79 0.002
488 93 0.005
489 86 0.003
490 92 0.003
491 85 0.002
492 114 0.001
493 95 0.003
494 86 0.003
495 100 0.002
496 92 0.003
497 86 0.003
498 93 0.002
499 85 0.004
500 106 0.002
501 92 0.003
502 79 0.001
503 99 0.004
504 107 0.005
505 79 0.002
506 93 0.003
507 99 0.013
508 100 0.003
509 100 0.004
510 100 0.002
511 86 0.002
512 93 0.003
513 93 0.003
514 92 0.002
515 94 0.004
516 88 0.004
517 106 0.003
518 93 0.003
519 93 0.003
520 93 0.003
521 99 0.004
522 108 0.004
523 114 0.002
524 86 0.002
525 80 0.003
526 78 0.003
527 79 0.013
528 100 0.005
529 81 0.003
530 106 0.005
531 92 0.003
532 102 0.004
533 101 0.005
534 107 0.004
535 106 0.005
536 92 0.004
537 86 0.004
538 92 0.004
539 93 0.004
540 83 0.007
541 92 0.003
542 109 0.006
543 93 0.005
544 92 0.006
545 100 0.006
546 99 0.004
547 85 0.003
548 85 0.004
549 100 0.005
550 86 0.006
551 97 0.005
552 93 0.003
553 94 0.004
554 86 0.002
555 92 0.002
556 93 0.004
557 101 0.004
558 100 0.002
559 85 0.001
560 106 0.003
561 106 0.002
562 93 0.003
563 86 0.002
564 100 0.003
565 106 0.003
566 93 0.004
567 107 0.003
568 99 0.003
569 79 0.001
570 100 0.003
571 99 0.002
572 92 0.002
573 91 0.004
574 114 0.003
575 93 0.003
576 85 0.002
577 79 0.004
578 86 0.002
579 87 0.002
580 92 0.004
581 86 0.003
582 79 0.006
583 100 0.006
584 108 0.005
585 107 0.006
586 100 0.004
587 101 0.014
588 100 0.006
589 92 0.004
590 86 0.005
591 92 0.003
592 86 0.004
593 92 0.004
594 86 0.004
595 86 0.003
596 79 0.004
597 92 0.006
598 93 0.003
599 100 0.006
600 100 0.003
601 92 0.005
602 86 0.005
603 99 0.005
604 106 0.007
605 93 0.004
606 85 0.005
607 88 0.003
608 85 0.003
609 101 0.007
610 92 0.003
611 92 0.004
612 100 0.009
613 99 0.003
614 78 0.002
615 78 0.002
616 92 0.001
617 107 0.003
618 92 0.004
619 85 0.004
620 92 0.004
621 91 0.006
622 95 0.004
623 93 0.006
624 99 0.004
625 85 0.002
626 100 0.005
627 92 0.003
628 86 0.006
629 88 0.003
630 85 0.004
631 99 0.003
632 99 0.003
633 114 0.005
634 94 0.003
635 78 0.001
636 86 0.003
637 106 0.003
638 92 0.003
639 92 0.004
640 79 0.004
641 86 0.004
642 85 0.002
643 106 0.004
644 93 0.006
645 86 0.003
646 110 0.004
647 101 0.003
648 82 0.002
649 102 0.004
650 86 0.004
651 86 0.002
652 93 0.004
653 85 0.001
654 99 0.004
655 102 0.004
656 86 0.005
657 79 0.003
658 99 0.003
659 96 0.002
660 92 0.003
661 79 0.003
662 85 0.004
663 95 0.003
664 96 0.004
665 100 0.005
666 93 0.004
667 107 0.003
668 93 0.004
669 94 0.004
670 93 0.002
671 86 0.002
672 89 0.006
673 92 0.004
674 86 0.003
675 92 0.003
676 86 0.004
677 78 0.001
678 78 0.001
679 106 0.002
680 92 0.003
681 100 0.003
682 72 0.032
683 101 0.003
684 86 0.006
685 94 0.005
686 100 0.003
687 92 0.003
688 106 0.004
689 99 0.004
690 102 0.003
691 99 0.003
692 85 0.004
693 93 0.003
694 99 0.003
695 92 0.002
696 85 0.001
697 93 0.002
698 92 0.003
699 108 0.003
700 99 0.004
701 107 0.002
702 86 0.003
703 100 0.002
704 103 0.004
705 78 0.001
706 93 0.003
707 79 0.003
708 86 0.002
709 113 0.002
710 85 0.002
711 86 0.002
712 85 0.001
713 97 0.002
714 100 0.002
715 86 0.004
716 93 0.003
717 93 0.002
718 98 0.002
719 99 0.001
720 106 0.002
721 113 0.002
722 101 0.007
723 93 0.002
724 100 0.002
725 93 0.002
726 85 0.002
727 92 0.002
728 92 0.003
729 99 0.003
730 106 0.001
731 85 0.001
732 100 0.005
733 85 0.003
734 100 0.003
735 85 0.001
736 93 0.002
737 86 0.002
738 93 0.002
739 79 0.002
740 93 0.002
741 106 0.003
742 92 0.003
743 85 0.004
744 79 0.002
745 86 0.003
746 92 0.002
747 99 0.003
748 79 0.004
749 72 0.002
750 92 0.007
751 87 0.003
752 85 0.002
753 99 0.004
754 94 0.003
755 101 0.005
756 93 0.004
757 83 0.003
758 85 0.002
759 99 0.007
760 85 0.001
761 89 0.003
762 99 0.009
763 85 0.002
764 86 0.006
765 79 0.001
766 106 0.004
767 92 0.002
768 86 0.009
769 107 0.003
770 99 0.004
771 99 0.003
772 94 0.003
773 86 0.005
774 86 0.006
775 99 0.003
776 78 0.001
777 99 0.005
778 92 0.001
779 94 0.002
780 104 0.004
781 106 0.002
782 99 0.001
783 100 0.003
784 72 0.002
785 100 0.005
786 86 0.002
787 101 0.004
788 101 0.002
789 71 0.003
790 95 0.003
791 85 0.004
792 101 0.003
793 85 0.001
794 93 0.005
795 85 0.003
796 86 0.001
797 93 0.003
798 80 0.002
799 100 0.001
800 90 0.002
801 100 0.002
802 92 0.004
803 100 0.002
804 100 0.002
805 92 0.001
806 107 0.003
807 107 0.002
808 79 0.003
809 93 0.002
810 100 0.001
811 107 0.003
812 92 0.004
813 93 0.001
814 99 0.003
815 100 0.002
816 93 0.003
817 94 0.003
818 92 0.002
819 93 0.002
820 107 0.003
821 92 0.002
822 93 0.002
823 86 0.003
824 93 0.004
825 85 0.001
826 86 0.002
827 93 0.002
828 92 0.002
829 85 0.003
830 93 0.003
831 86 0.002
832 93 0.003
833 86 0.001
834 99 0.002
835 92 0.002
836 86 0.002
837 106 0.003
838 93 0.001
839 95 0.002
840 114 0.002
841 86 0.004
842 92 0.002
843 94 0.003
844 85 0.003
845 85 0.002
846 98 0.023
847 86 0.002
848 93 0.003
849 114 0.004
850 86 0.002
851 92 0.002
852 106 0.003
853 92 0.003
854 79 0.003
855 93 0.002
856 93 0.004
857 92 0.003
858 85 0.001
859 86 0.002
860 107 0.001
861 86 0.002
862 99 0.003
863 114 0.003
864 85 0.003
865 92 0.014
866 101 0.002
867 99 0.002
868 92 0.003
869 85 0.002
870 93 0.002
871 86 0.002
872 85 0.002
873 99 0.002
874 100 0.003
875 86 0.002
876 106 0.008
877 115 0.002
878 93 0.004
879 106 0.004
880 92 0.004
881 100 0.003
882 92 0.003
883 107 0.002
884 93 0.003
885 85 0.002
886 72 0.006
887 79 0.004
888 100 0.003
889 100 0.003
890 93 0.007
891 100 0.005
892 96 0.003
893 107 0.004
894 101 0.002
895 85 0.003
896 100 0.003
897 92 0.003
898 100 0.003
899 86 0.002
900 99 0.003
901 100 0.002
902 99 0.003
903 106 0.003
904 92 0.002
905 85 0.002
906 85 0.002
907 122 0.003
908 93 0.003
909 103 0.003
910 78 0.002
911 93 0.002
912 93 0.002
913 92 0.003
914 106 0.002
915 92 0.003
916 101 0.003
917 93 0.002
918 95 0.004
919 100 0.003
920 102 0.003
921 106 0.002
922 105 0.003
923 85 0.003
924 99 0.002
925 78 0.002
926 89 0.003
927 86 0.002
928 99 0.003
929 101 0.002
930 93 0.003
931 93 0.003
932 108 0.003
933 79 0.001
934 100 0.004
935 78 0.002
936 92 0.002
937 85 0.001
938 93 0.003
939 85 0.003
940 100 0.002
941 103 0.003
942 92 0.003
943 92 0.002
944 85 0.001
945 106 0.002
946 99 0.002
947 85 0.002
948 101 0.002
949 101 0.002
950 106 0.003
951 92 0.002
952 86 0.004
953 79 0.003
954 107 0.003
955 113 0.002
956 86 0.002
957 79 0.003
958 93 0.002
959 86 0.002
960 114 0.004
961 86 0.003
962 107 0.003
963 93 0.002
964 85 0.002
965 99 0.002
966 92 0.001
967 101 0.037
968 114 0.002
969 107 0.004
970 99 0.003
971 72 0.002
972 100 0.002
973 106 0.002
974 93 0.003
975 108 0.002
976 85 0.002
977 101 0.002
978 99 0.004
979 86 0.002
980 92 0.002
981 98 0.004
982 96 0.002
983 93 0.002
984 86 0.002
985 92 0.002
986 102 0.002
987 85 0.004
988 87 0.003
989 79 0.002
990 105 0.002
991 99 0.002
992 85 0.002
993 106 0.003
994 92 0.002
995 93 0.002
996 92 0.005
997 84 0.003
998 106 0.003
999 99 0.002
94 0.013953
