0 10 1458.4
1 14 6.4
2 12 4.1
3 13 4.0
4 12 3.7
5 7 1.8
6 9 2.1
7 12 3.6
8 11 2.2
9 13 4.2
10 11 2.6
11 12 2.0
12 11 2.5
13 11 1.6
14 10 2.4
15 11 2.2
16 11 1.8
17 11 2.7
18 14 3.6
19 11 2.8
20 13 1.7
21 11 2.5
22 13 3.0
23 10 0.9
24 11 2.6
25 11 2.5
26 12 1.7
27 12 1.9
28 12 1.8
29 13 2.2
30 10 2.4
31 9 1.4
32 11 1.2
33 12 1.7
34 14 2.5
35 12 2.3
36 11 2.1
37 12 2.7
38 13 2.0
39 9 1.6
40 14 2.5
41 14 1.7
42 13 2.4
43 9 1.3
44 13 3.0
45 15 2.9
46 13 2.3
47 15 2.7
48 11 1.9
49 15 2.2
50 13 3.5
51 13 2.6
52 11 1.7
53 12 1.4
54 13 2.3
55 12 2.5
56 11 2.4
57 11 2.3
58 6 1.1
59 12 2.0
60 13 2.9
61 11 1.1
62 13 2.5
63 10 2.1
64 14 2.7
65 11 1.2
66 11 2.1
67 12 2.0
68 13 2.7
69 13 2.4
70 13 2.6
71 14 2.6
72 12 1.9
73 13 2.0
74 11 2.3
75 13 1.5
76 10 1.8
77 11 2.0
78 12 1.7
79 12 1.8
80 14 2.1
81 14 2.8
82 13 2.3
83 12 1.9
84 12 1.9
85 12 2.2
86 13 4.6
87 11 1.9
88 12 2.0
89 11 1.9
90 9 1.2
91 12 1.9
92 13 2.3
93 10 1.8
94 13 2.2
95 13 3.0
96 14 2.7
97 12 2.3
98 8 0.8
99 13 2.7
11 0.02325
